Global Stiffness Matrix:
 1.66667e+15            0     0.166667 -1.66667e+15            0            0            0            0            0
           0  1.66667e+15     0.166667            0   -0.0555556     0.166667            0            0            0
    0.166667     0.166667      1.33333            0    -0.166667     0.333333            0            0            0
-1.66667e+15            0            0  1.66667e+15            0     0.166667   -0.0555556            0     0.166667
           0   -0.0555556    -0.166667            0  1.66667e+15    -0.166667            0 -1.66667e+15            0
           0     0.166667     0.333333     0.166667    -0.166667      1.33333    -0.166667            0     0.333333
           0            0            0   -0.0555556            0    -0.166667    0.0555556            0    -0.166667
           0            0            0            0 -1.66667e+15            0            0  1.66667e+15            0
           0            0            0     0.166667            0     0.333333    -0.166667            0     0.666667
Global Force Vector:
  0
-15
-15
  0
-15
 15
  0
  0
  0
Structural Displacements:
  1.1681e-15
-9.29082e-15
    -15.1781
           0
-4.35459e-15
     18.0863
           0
           0
    -9.90226
1. member end forces in local coordinates:
 15.4847
-2.52968
-5.05936
-15.4847
 2.52968
-10.1187
2. member end forces in local coordinates:
 1.94684
 15.4847
   10.91
-1.94684
 14.5153
-8.00184
3. member end forces in local coordinates:
  7.25765
    1.364
  8.75676
 -7.25765
   -1.364
-0.572748
